time, displacement, force
12.978208, -1.774296875e-06, -8.095378288e-05
12.9864, -1.942421875e-06, -8.862130638e-05
12.990496, -2.026484375e-06, -9.245450782e-05
13.02736, -2.895898438e-06, -0.0001320604817
13.031456, -2.99875e-06, -0.0001367477362
13.06832, -4.029648438e-06, -0.0001836835293
13.072416, -4.149921875e-06, -0.0001891617252
13.12976, -6.033828125e-06, -0.0002748293105
13.133856, -6.176875e-06, -0.0002813394981
13.17072, -7.572695313e-06, -0.0003448150528
13.174816, -7.731171875e-06, -0.0003520246205
13.281312, -1.214875e-05, -0.0005522886569
13.285408, -1.232175781e-05, -0.0005601399649
13.338656, -1.445304688e-05, -0.0006565940518
13.342752, -1.461882813e-05, -0.0006641009216
13.43696, -1.81378125e-05, -0.0008226106897
13.441056, -1.829121094e-05, -0.0008295254475
13.568032, -2.285566406e-05, -0.00103404056
13.572128, -2.30034375e-05, -0.001040667983
13.629472, -2.519746094e-05, -0.001139046727
13.633568, -2.535246094e-05, -0.001145997109
13.731872, -2.936257813e-05, -0.001325583505
13.735968, -2.953179688e-05, -0.001333171356
13.961248, -3.918660156e-05, -0.001763091207
13.965344, -3.9360625e-05, -0.00177085687
14.055456, -4.297394531e-05, -0.001931114631
14.059552, -4.313894531e-05, -0.001938440452
14.170144, -4.736390625e-05, -0.00212471521
14.17424, -4.751652344e-05, -0.002131439525
14.252064, -5.057554688e-05, -0.002266309547
14.25616, -5.073617188e-05, -0.002273395373
14.436384, -5.822675781e-05, -0.002602942695
14.44048, -5.840035156e-05, -0.002610606701
14.559264, -6.324722656e-05, -0.002823125102
14.56336, -6.341425781e-05, -0.002830458502
14.616608, -6.545914063e-05, -0.002919633928
14.620704, -6.561734375e-05, -0.002926539836
14.661664, -6.713476563e-05, -0.002992440901
14.66576, -6.728933594e-05, -0.002999167439
14.80912, -7.246957031e-05, -0.003222545587
14.813216, -7.261695313e-05, -0.003228907935
14.907424, -7.627800781e-05, -0.003387644218
14.91152, -7.643839844e-05, -0.003394610557
14.968864, -7.8799375e-05, -0.003497465107
14.97296, -7.896796875e-05, -0.003504814266
15.21872, -8.948179688e-05, -0.00396112832
15.222816, -8.965542969e-05, -0.003968683258
15.296544, -9.261996094e-05, -0.004096622554
15.30064, -9.278738281e-05, -0.004103868005
15.468576, -9.932664063e-05, -0.004383726316
15.472672, -9.948523438e-05, -0.00439052375
15.681568, -0.0001081580469, -0.004763086837
15.685664, -0.0001083314453, -0.004770577657
15.796256, -0.0001128375781, -0.004963616672
15.800352, -0.0001130053906, -0.004970821183
15.857696, -0.0001152613281, -0.005066967183
15.861792, -0.0001154217578, -0.005073805059
16.070688, -0.0001230240625, -0.005392080176
16.074784, -0.0001231716406, -0.005398265713
16.152608, -0.0001261767578, -0.005525408102
16.156704, -0.0001263345703, -0.005532089436
16.255008, -0.0001303704297, -0.005704228254
16.259104, -0.0001305402344, -0.005711492114
16.418848, -0.0001374047656, -0.006005510234
16.422944, -0.0001375831641, -0.006013188484
16.480288, -0.0001399623047, -0.006114631023
16.484384, -0.0001401341016, -0.006121975922
16.746528, -0.0001503844141, -0.006551791131
16.750624, -0.000150545, -0.006558557595
16.812064, -0.0001530566797, -0.006665060108
16.81616, -0.0001532224609, -0.006672083373
16.93904, -0.0001583969922, -0.006892228879
16.943136, -0.0001585707813, -0.006899649253
17.04144, -0.0001625905078, -0.007069667893
17.045536, -0.0001627595313, -0.007076841162
17.115168, -0.0001654568359, -0.007189665937
17.119264, -0.0001656153906, -0.007196304446
17.30768, -0.0001724257031, -0.00747574439
17.311776, -0.000172573125, -0.007481806046
17.3896, -0.0001755698438, -0.007606757377
17.393696, -0.0001757276172, -0.007613344845
17.487904, -0.000179623125, -0.007778188388
17.492, -0.0001797935156, -0.007785419868
17.700896, -0.0001887660156, -0.008167036261
17.704992, -0.0001889412109, -0.008174512934
17.7992, -0.0001927432031, -0.008334348482
17.803296, -0.000192910625, -0.008341419876
17.950752, -0.0001985951172, -0.008577416978
17.954848, -0.0001987519141, -0.008583933143
18.008096, -0.0002008796094, -0.008673219967
18.012192, -0.0002010412109, -0.008679986681
18.180128, -0.0002080464453, -0.008976311844
18.184224, -0.0002082200391, -0.008983709269
18.303008, -0.0002130723047, -0.009188164227
18.307104, -0.0002132401172, -0.009195258108
18.401312, -0.0002168725391, -0.009346103176
18.405408, -0.0002170295703, -0.009352625521
18.548768, -0.0002221874219, -0.00956236081
18.552864, -0.0002223326172, -0.009568254019
18.647072, -0.0002259343359, -0.009717544444
18.651168, -0.0002260925391, -0.009724133296
18.749472, -0.0002301260156, -0.009894671776
18.753568, -0.0002302964453, -0.009901919331
18.958368, -0.0002390401172, -0.01027504199
18.962464, -0.00023921375, -0.01028247356
19.056672, -0.000242984375, -0.01044107086
19.060768, -0.000243149375, -0.01044803789
19.19184, -0.0002481644531, -0.01065614896
19.195936, -0.0002483190625, -0.01066255582
19.249184, -0.0002504335156, -0.01075149688
19.25328, -0.0002505939453, -0.0107582248
19.45808, -0.0002591194922, -0.0111211994
19.462176, -0.0002592922656, -0.01112862064
19.572768, -0.000263781875, -0.01131902216
19.576864, -0.0002639460938, -0.01132597842
19.58096, -0.0002641103125, -0.01133293498
19.585056, -0.0002642745313, -0.01133989183
19.658784, -0.0002670491016, -0.01145492826
19.66288, -0.0002672044922, -0.01146139921
19.814432, -0.0002726714453, -0.01168464082
19.818528, -0.0002728196484, -0.01169072032
19.90864, -0.0002763079297, -0.01183707629
19.912736, -0.00027646875, -0.01184386984
19.986464, -0.000279526875, -0.01197524785
19.99056, -0.0002796970703, -0.0119825769
20.138016, -0.0002860724219, -0.01226002409
20.142112, -0.0002862526172, -0.01226793802
20.224032, -0.0002896990234, -0.0124171585
20.228128, -0.0002898716406, -0.01242465212
20.301856, -0.0002928603906, -0.0125527152
20.305952, -0.0002930273828, -0.01255989748
20.506656, -0.0003008433203, -0.01289023992
20.510752, -0.0003010049219, -0.01289713755
20.658208, -0.0003071401563, -0.01316344828
20.662304, -0.0003073155469, -0.01317116441
20.797472, -0.0003128430859, -0.01341044857
20.801568, -0.0003130116797, -0.01341779063
20.879392, -0.0003160373828, -0.01354685539
20.883488, -0.0003161959766, -0.01355362377
21.071904, -0.0003230110547, -0.01383647833
21.076, -0.0003231586328, -0.01384262363
21.149728, -0.0003259850391, -0.01396322669
21.153824, -0.0003261430469, -0.01396999834
21.231648, -0.0003293154688, -0.01410869914
21.235744, -0.0003294838672, -0.01411609993
21.329952, -0.0003335152734, -0.01429566825
21.334048, -0.0003336872266, -0.01430329795
21.40368, -0.0003367141406, -0.0144391885
21.407776, -0.0003368935156, -0.01444727787
21.481504, -0.0003399789844, -0.01458428019
21.4856, -0.0003401507813, -0.0145919308
21.559328, -0.0003430961328, -0.01472078391
21.563424, -0.0003432611328, -0.01472804009
21.6904, -0.000348130625, -0.01493809477
21.694496, -0.0003482846094, -0.01494470763
21.755936, -0.0003507175781, -0.01505136628
21.760032, -0.0003508771875, -0.01505833205
21.919776, -0.0003575375391, -0.01535642689
21.923872, -0.000357713125, -0.01536440319
22.05904, -0.0003632308203, -0.01561062415
22.063136, -0.0003633980078, -0.01561811574
22.136864, -0.0003662352344, -0.01574233941
22.14096, -0.0003663924219, -0.01574922865
22.329376, -0.0003732580078, -0.01604351753
22.333472, -0.0003734080078, -0.01604999725
22.4072, -0.0003763077734, -0.01617911784
22.411296, -0.0003764682031, -0.01618626542
22.48912, -0.0003796875, -0.01633282134
22.493216, -0.0003798576953, -0.01634060144
22.718496, -0.0003894619531, -0.01678405477
22.722592, -0.0003896349609, -0.01679207584
22.800416, -0.0003927642188, -0.0169344688
22.804512, -0.0003929310156, -0.01694211581
22.992928, -0.0004002941797, -0.01727432367
22.997024, -0.000400454375, -0.0172815978
23.177248, -0.0004079402344, -0.01763011933
23.181344, -0.0004081140234, -0.01763832688
23.18544, -0.0004082790234, -0.01764596383
23.189536, -0.0004084440234, -0.01765360195
23.300128, -0.0004129557813, -0.01786365366
23.304224, -0.0004131239844, -0.01787153479
23.402528, -0.0004168992969, -0.01804366456
23.406624, -0.0004170560938, -0.01805082555
23.549984, -0.0004222223047, -0.01828054376
23.55408, -0.0004223676953, -0.01828699071
23.648288, -0.0004259630078, -0.01845201999
23.652384, -0.0004261214063, -0.01845935534
23.730208, -0.0004293258594, -0.01861180062
23.734304, -0.0004294946875, -0.01861985715
23.959584, -0.0004391073438, -0.01908568632
23.96368, -0.0004392807422, -0.01909413263
24.057888, -0.0004430515234, -0.01927386136
24.061984, -0.0004432161328, -0.01928174576
24.172576, -0.0004474285156, -0.01947909382
24.176672, -0.0004475805469, -0.01948615893
24.2504, -0.0004504726563, -0.01962406684
24.254496, -0.0004506322656, -0.01963167521
24.307744, -0.0004528027344, -0.01973720881
24.31184, -0.0004529687109, -0.01974527498
24.438816, -0.0004583180469, -0.02000973601
24.442912, -0.0004584916797, -0.02001838201
24.5576, -0.0004631839063, -0.02024903372
24.561696, -0.0004633515234, -0.02025730897
24.63952, -0.0004663578125, -0.0204022403
24.643616, -0.0004665146094, -0.02040978929
24.807456, -0.0004724456641, -0.02068846588
24.811552, -0.0004725936719, -0.02069545372
24.930336, -0.0004772194922, -0.02092198828
24.934432, -0.000477381875, -0.02093003782
25.012256, -0.0004806437109, -0.02109570127
25.016352, -0.0004808153125, -0.02110444084
25.200672, -0.0004887435156, -0.02151351471
25.204768, -0.0004889177344, -0.02152252991
25.303072, -0.0004928966016, -0.02172460697
25.307168, -0.0004930632031, -0.02173311787
25.487392, -0.0005000938672, -0.02208682665
25.491488, -0.0005002538672, -0.0220949358
25.569312, -0.0005034327344, -0.02225939082
25.573408, -0.0005035997656, -0.02226805193
25.62256, -0.0005056720313, -0.02237708331
25.626656, -0.0005058486328, -0.02238647597
25.675808, -0.0005079087891, -0.02249493358
25.679904, -0.0005080823828, -0.02250413133
25.778208, -0.0005120734766, -0.02271227872
25.782304, -0.0005122402734, -0.02272102259
25.876512, -0.0005157928906, -0.02290132948
25.880608, -0.0005159420703, -0.02290880122
25.978912, -0.0005192326563, -0.02306677828
25.983008, -0.0005193668359, -0.02307316338
26.077216, -0.0005222092188, -0.02320198525
26.081312, -0.0005223310156, -0.02320746957
26.187808, -0.0005253442969, -0.0233388264
26.191904, -0.0005254571094, -0.02334366297
26.31888, -0.0005290361719, -0.02350028429
26.322976, -0.0005291515625, -0.02350535274
26.4008, -0.0005312119141, -0.02359179689
26.404896, -0.0005313196875, -0.02359630775
26.5032, -0.000533746875, -0.02369268746
26.507296, -0.0005338458594, -0.02369655179
26.560544, -0.0005350405469, -0.0237398205
26.56464, -0.0005351297266, -0.02374294636
26.572832, -0.0005352965234, -0.02374831313
26.576928, -0.0005353837109, -0.02375128877
26.638368, -0.0005365782422, -0.02378734544
26.642464, -0.0005366560156, -0.0237896115
26.740768, -0.0005383082031, -0.02382783201
26.744864, -0.000538375, -0.02382927341
26.839072, -0.0005397665625, -0.02385158244
26.843168, -0.0005398259766, -0.02385247333
26.941472, -0.0005411107813, -0.02386331656
26.945568, -0.0005411629687, -0.02386366845
27.060256, -0.0005425180078, -0.02386581962
27.064352, -0.0005425646094, -0.02386576156
27.17904, -0.0005437509375, -0.02385549091
27.183136, -0.0005437919531, -0.02385502236
27.28144, -0.0005446921484, -0.02383765672
27.285536, -0.0005447283594, -0.02383683671
27.289632, -0.0005447617578, -0.02383579651
27.457568, -0.0005461083203, -0.02379265619
27.461664, -0.0005461407031, -0.02379157288
27.641888, -0.0005474453516, -0.02373596349
27.645984, -0.0005474735547, -0.02373459072
27.756576, -0.0005481946484, -0.02369491565
27.760672, -0.0005482212109, -0.02369343788
27.899936, -0.0005490051563, -0.02363478201
27.904032, -0.0005490259375, -0.0236328813
28.05968, -0.0005497589453, -0.02355740618
28.063776, -0.0005497775391, -0.02355536774
28.239904, -0.0005504553906, -0.02345975471
28.244, -0.0005504699609, -0.02345743949
28.436512, -0.0005510848047, -0.0233450602
28.440608, -0.0005510967969, -0.02334258537
28.67408, -0.0005516798828, -0.02319651782
28.678176, -0.0005516900781, -0.02319395413
29.136928, -0.0005525292969, -0.02289420121
29.141024, -0.0005525358984, -0.02289145647
29.415456, -0.0005528463281, -0.02270124099
29.419552, -0.0005528507422, -0.02269838599
29.63664, -0.0005530610937, -0.02254773073
29.640736, -0.0005530650781, -0.02254489056
30.136352, -0.0005534142187, -0.02220359703
30.140448, -0.0005534170313, -0.02220077206
30.595104, -0.0005534921875, -0.02187929211
30.5992, -0.0005534921875, -0.02187634389
31.004704, -0.0005537095312, -0.02160970501
31.0088, -0.0005537125, -0.02160707373
31.610912, -0.0005538508984, -0.02121428286
31.615008, -0.0005538514844, -0.02121158411
32.798752, -0.0005538476563, -0.02048092995
32.802848, -0.0005538476563, -0.02047840432
33.048608, -0.0005538473828, -0.02032950786
33.052704, -0.0005538467969, -0.02032698143
33.105952, -0.0005537862109, -0.02029010527
33.110048, -0.0005537770313, -0.0202869142
33.167392, -0.0005534607813, -0.02022767383
33.171488, -0.0005534283984, -0.02022267543
33.204256, -0.0005530818359, -0.02017588521
33.208352, -0.0005530314844, -0.02016948658
33.228832, -0.0005527396484, -0.02013438567
33.232928, -0.00055268125, -0.02012736567
33.253408, -0.0005523511719, -0.02008931978
33.257504, -0.0005522851563, -0.02008171366
33.286176, -0.0005517485156, -0.02002271949
33.290272, -0.0005516675, -0.02001395495
33.331232, -0.0005507303906, -0.01991659119
33.335328, -0.0005506319922, -0.01990649544
33.339424, -0.0005505241797, -0.01989566598
33.34352, -0.0005504163672, -0.01988483984
33.38448, -0.0005492294141, -0.01976835826
33.388576, -0.0005491019922, -0.0197560398
33.429536, -0.0005477012109, -0.01962332484
33.433632, -0.000547555625, -0.01960963909
33.470496, -0.0005461328906, -0.01947803552
33.474592, -0.0005459707031, -0.01946311072
33.679392, -0.0005371917969, -0.01867597708
33.683488, -0.0005370146094, -0.01866020349
33.757216, -0.0005339946484, -0.01839065335
33.761312, -0.000533826875, -0.01837571094
33.859616, -0.0005300655859, -0.01803958289
33.863712, -0.0005299078125, -0.01802553362
34.011168, -0.0005244739063, -0.01754316769
34.015264, -0.0005243230859, -0.01752982712
34.105376, -0.0005207957422, -0.01722245478
34.109472, -0.0005206325391, -0.01720830277
34.158624, -0.0005185671094, -0.01703108979
34.16272, -0.0005183889453, -0.01701589441
34.166816, -0.0005182171484, -0.01700118033
34.170912, -0.0005180453516, -0.01698647201
34.338848, -0.0005107525781, -0.01637210608
34.342944, -0.0005105733984, -0.01635709967
34.437152, -0.0005066817188, -0.01603103338
34.441248, -0.0005065113281, -0.01601680882
34.514976, -0.0005035932813, -0.01577294156
34.519072, -0.0005034307031, -0.01575938811
34.625568, -0.0004993862109, -0.01542276755
34.629664, -0.0004992330078, -0.01541002839
34.707488, -0.0004961869531, -0.015159507
34.711584, -0.0004960273438, -0.01514640185
34.809888, -0.0004920234766, -0.01482158649
34.813984, -0.0004918575, -0.01480815228
35.0024, -0.0004841170313, -0.01419067953
35.006496, -0.0004839514063, -0.01417751488
35.100704, -0.0004803725781, -0.01389293627
35.1048, -0.0004802147656, -0.01388043811
35.22768, -0.0004757214453, -0.01352547654
35.231776, -0.0004755748438, -0.01351390457
35.33008, -0.0004718551563, -0.01322399317
35.334176, -0.0004716983594, -0.01321181856
35.407904, -0.0004686744531, -0.01297982693
35.412, -0.0004685050781, -0.01296687112
35.604512, -0.0004601832813, -0.0123414615
35.608608, -0.0004600044922, -0.01232811207
35.67824, -0.0004571186328, -0.0121127879
35.682336, -0.0004569464453, -0.01209998264
35.756064, -0.0004540254688, -0.01188281543
35.76016, -0.0004538626563, -0.01187074001
35.86256, -0.0004499991016, -0.01158494651
35.866656, -0.0004498476953, -0.01157375779
35.887136, -0.0004490778516, -0.01151703519
35.891232, -0.0004489246484, -0.0115057512
35.948576, -0.0004466840234, -0.01134195928
35.952672, -0.0004465248047, -0.01133033565
36.010016, -0.0004441889063, -0.01116110032
36.014112, -0.0004440241016, -0.01114917105
36.198432, -0.0004363161328, -0.01059995872
36.202528, -0.0004361435547, -0.01058773317
36.259872, -0.0004338317969, -0.01042417663
36.263968, -0.0004336667969, -0.01041252311
36.358176, -0.0004300702344, -0.01015928674
36.362272, -0.0004299134375, -0.01014827663
36.489248, -0.0004252746094, -0.009824395283
36.493344, -0.0004251264063, -0.009814075774
36.591648, -0.0004213186719, -0.009551795374
36.595744, -0.0004211591016, -0.009540836854
36.612128, -0.0004205003125, -0.009495727806
36.616224, -0.0004203279297, -0.009483959224
36.673568, -0.0004179041406, -0.009319211897
36.677664, -0.0004177327734, -0.009307580145
36.861984, -0.0004098028125, -0.008777087358
36.86608, -0.0004096252344, -0.008765276354
36.956192, -0.0004059520313, -0.008521964826
36.960288, -0.0004057836328, -0.008510842827
37.210144, -0.0003961342578, -0.007883054149
37.21424, -0.0003959740625, -0.00787270401
37.50096, -0.0003842088281, -0.007128712113
37.505056, -0.0003840432422, -0.007118322573
37.619744, -0.0003796842578, -0.006846768125
37.62384, -0.0003795278906, -0.006837057731
37.7672, -0.0003742608594, -0.006513063248
37.771296, -0.0003741108594, -0.006503870462
37.82864, -0.0003718870703, -0.006368162969
37.832736, -0.0003717300781, -0.006358598989
37.836832, -0.0003715630859, -0.006348429968
37.906464, -0.000368691875, -0.006174469637
37.91056, -0.0003685224609, -0.006164227118
38.098976, -0.0003603975, -0.005679636216
38.103072, -0.0003602189063, -0.00566904282
38.1768, -0.0003571546875, -0.005488367486
38.180896, -0.0003569822656, -0.005478221978
38.23824, -0.0003546953125, -0.005344333202
38.242336, -0.0003545297266, -0.005334653725
38.348832, -0.0003504972656, -0.005100990708
38.352928, -0.0003503456641, -0.005092235904
38.451232, -0.0003465254688, -0.004872903806
38.455328, -0.0003463664844, -0.004863800862
38.737952, -0.0003346896484, -0.004207453072
38.742048, -0.0003345222266, -0.004198120894
38.860832, -0.0003299849609, -0.003948055102
38.864928, -0.0003298283594, -0.003939451808
39.012384, -0.0003244151172, -0.003645700673
39.01648, -0.0003242642969, -0.003637546127
39.090208, -0.0003213774219, -0.00348171858
39.094304, -0.0003212174219, -0.003473101816
39.188512, -0.00031727, -0.003261108836
39.192608, -0.0003170966016, -0.003251816537
39.352352, -0.0003101844922, -0.002885274856
39.356448, -0.0003100069141, -0.002875901666
39.360544, -0.0003098293359, -0.002866532359
39.434272, -0.0003067877734, -0.002707471129
39.438368, -0.0003066177734, -0.002698596587
39.499808, -0.0003041798047, -0.002572334123
39.503904, -0.0003040158203, -0.002563850941
39.708704, -0.0002961426563, -0.002163725559
39.7128, -0.0002959832813, -0.00215566022
39.93808, -0.0002866894531, -0.001690389999
39.942176, -0.0002865174609, -0.00168181837
39.99952, -0.0002842179688, -0.001568231869
40.003616, -0.0002840523828, -0.001560059774
40.097824, -0.0002804507422, -0.001384580319
40.10192, -0.0002802925391, -0.001376882519
40.24528, -0.0002750467578, -0.001125828215
40.249376, -0.00027489875, -0.001118782672
40.351776, -0.0002709544922, -0.0009308165366
40.355872, -0.0002707944922, -0.0009231982996
40.40912, -0.0002685933203, -0.0008180641454
40.413216, -0.0002684241016, -0.0008099959749
40.618016, -0.0002595848828, -0.000392592002
40.622112, -0.0002594078906, -0.0003842817955
40.67536, -0.0002572185547, -0.0002825750925
40.679456, -0.0002570467578, -0.0002745851593
40.7368, -0.0002547530859, -0.0001690742203
40.740896, -0.0002545876953, -0.0001614684983
40.888352, -0.0002489996484, 9.038835835e-05
40.892448, -0.0002488464453, 9.72516007e-05
40.949792, -0.0002465978125, 0.0001983678571
40.953888, -0.0002464394141, 0.0002054621302
41.121824, -0.0002394992578, 0.0005158944137
41.12592, -0.0002393322656, 0.000523312598
41.199648, -0.0002362692188, 0.0006590778982
41.203744, -0.0002360964063, 0.0006667409665
41.256992, -0.0002339534375, 0.0007606296872
41.261088, -0.0002337884375, 0.0007678483306
41.359392, -0.0002300473828, 0.0009286734115
41.363488, -0.0002298903906, 0.0009354148371
41.490464, -0.0002252603125, 0.001130500853
41.49456, -0.0002251117188, 0.001136734911
41.588768, -0.0002214752344, 0.00129029372
41.592864, -0.0002213152344, 0.00129705022
41.670688, -0.000218084375, 0.001434363358
41.674784, -0.0002179127734, 0.001441653379
41.838624, -0.0002108269922, 0.001740912117
41.84272, -0.0002106481641, 0.001748444305
41.941024, -0.0002065840625, 0.001916541874
41.94512, -0.0002064140625, 0.001923560807
41.998368, -0.0002042966406, 0.002009820512
42.002464, -0.0002041326172, 0.002016502857
42.19088, -0.0001968911719, 0.00230490756
42.194976, -0.0001967323828, 0.00231121596
42.49808, -0.0001843010938, 0.002801351262
42.502176, -0.0001841354688, 0.002807808303
42.60048, -0.0001803712891, 0.002951449803
42.604576, -0.0001802136719, 0.00295745844
42.788896, -0.0001734414453, 0.003209015134
42.792992, -0.0001732896094, 0.003214646617
42.850336, -0.0001710363281, 0.003299344238
42.854432, -0.0001708761328, 0.003305348066
42.911776, -0.0001684891797, 0.003396018025
42.915872, -0.0001683197656, 0.003402431556
43.100192, -0.0001603638672, 0.003703141039
43.104288, -0.0001601856641, 0.003709859198
43.182112, -0.0001569533984, 0.00382947307
43.186208, -0.0001567809766, 0.003835865815
43.239456, -0.0001546523438, 0.003913279134
43.243552, -0.0001544867188, 0.003919315222
43.386912, -0.0001490416406, 0.004111916523
43.391008, -0.0001488883984, 0.004117290375
43.468832, -0.0001458287109, 0.004225848277
43.472928, -0.0001456672656, 0.004231570232
43.718688, -0.0001354339453, 0.004594592252
43.722784, -0.000135263125, 0.004600620091
43.837472, -0.0001308329297, 0.004751674813
43.841568, -0.0001306742969, 0.004757075582
43.989024, -0.0001252685156, 0.004935490599
43.99312, -0.0001251194922, 0.004940377951
44.066848, -0.0001222994531, 0.005034295423
44.070944, -0.0001221416406, 0.005039557173
44.173344, -0.0001178783594, 0.00518484405
44.17744, -0.0001177065625, 0.005190700638
44.337184, -0.0001108094531, 0.005425610852
44.34128, -0.00011063125, 0.005431674007
44.435488, -0.0001067620313, 0.005559757031
44.439584, -0.0001065920313, 0.005565395487
44.517408, -0.0001035342188, 0.005664111727
44.521504, -0.0001033722266, 0.005669346496
44.685344, -9.709296875e-05, 0.00586747056
44.68944, -9.693433594e-05, 0.005872482212
44.75088, -9.444714844e-05, 0.0059522349
44.754976, -9.428355469e-05, 0.005957443307
44.81232, -9.189730469e-05, 0.006034422915
44.816416, -9.1723125e-05, 0.006040083098
44.939296, -8.663304688e-05, 0.006202437282
44.943392, -8.646105469e-05, 0.006207939683
45.01712, -8.35190625e-05, 0.00629959432
45.021216, -8.335609375e-05, 0.006304656741
45.16048, -7.812527344e-05, 0.006461438126
45.164576, -7.797128906e-05, 0.006466043167
45.271072, -7.407785156e-05, 0.006580086169
45.275168, -7.392746094e-05, 0.006584492908
45.348896, -7.106496094e-05, 0.006670368441
45.352992, -7.0904375e-05, 0.006675201802
45.430816, -6.764664063e-05, 0.006775759199
45.434912, -6.747523438e-05, 0.006781040764
45.537312, -6.301519531e-05, 0.006919943103
45.541408, -6.283523438e-05, 0.006925557534
45.656096, -5.798042969e-05, 0.007073471291
45.660192, -5.780765625e-05, 0.007078716144
45.758496, -5.388996094e-05, 0.007193726832
45.762592, -5.372816406e-05, 0.007198446993
45.869088, -4.972371094e-05, 0.007311505945
45.873184, -4.957230469e-05, 0.007315731825
45.951008, -4.656171875e-05, 0.007401511564
45.955104, -4.640289063e-05, 0.007406036544
46.008352, -4.424617188e-05, 0.007468698589
46.012448, -4.408035156e-05, 0.007473510014
46.196768, -3.639546875e-05, 0.007697307341
46.200864, -3.622308594e-05, 0.007702335348
46.258208, -3.391195313e-05, 0.007768032643
46.262304, -3.374695313e-05, 0.007772716739
46.360608, -2.998902344e-05, 0.007875730302
46.364704, -2.983164063e-05, 0.007880051115
46.51216, -2.439207031e-05, 0.008024549553
46.516256, -2.424105469e-05, 0.008028551199
46.589984, -2.135957031e-05, 0.00810733716
46.59408, -2.119878906e-05, 0.00811173932
46.667808, -1.811496094e-05, 0.008198826338
46.671904, -1.794316406e-05, 0.008203679117
46.835744, -1.089667969e-05, 0.008403427749
46.83984, -1.071867188e-05, 0.008408488735
46.934048, -6.800625e-06, 0.008516715991
46.938144, -6.631054688e-06, 0.008521381828
46.999584, -4.201367188e-06, 0.008586242074
47.00368, -4.037929688e-06, 0.008590624758
47.089696, -7.80234375e-07, 0.008674776392
47.093792, -6.1921875e-07, 0.008679031812
47.192096, 3.201875e-06, 0.008778777243
47.196192, 3.360078125e-06, 0.008782885248
47.253536, 5.6834375e-06, 0.008844846234
47.257632, 5.855625e-06, 0.008849534956
47.4952, 1.557203125e-05, 0.009106661282
47.499296, 1.573722656e-05, 0.009110983511
47.601696, 1.966804687e-05, 0.009210050496
47.605792, 1.982601562e-05, 0.009214040564
47.745056, 2.494234375e-05, 0.00933803615
47.749152, 2.50909375e-05, 0.009341598303
47.831072, 2.824308594e-05, 0.009420180808
47.835168, 2.84003125e-05, 0.009424090673
47.908896, 3.144128906e-05, 0.009503111867
47.912992, 3.161128906e-05, 0.009507543267
48.097312, 3.956863281e-05, 0.009717996399
48.101408, 3.974644531e-05, 0.009722706702
48.179232, 4.295339844e-05, 0.009804653065
48.183328, 4.312398437e-05, 0.00980903893
48.240672, 4.540191406e-05, 0.009865635675
48.244768, 4.5566875e-05, 0.009869771023
48.429088, 5.256890625e-05, 0.01003676138
48.433184, 5.272589844e-05, 0.01004052667
48.511008, 5.587730469e-05, 0.01011887967
48.515104, 5.60425e-05, 0.01012297324
48.699424, 6.372078125e-05, 0.01031584631
48.70352, 6.389320312e-05, 0.0103202031
48.760864, 6.618957031e-05, 0.01037613299
48.76496, 6.635460937e-05, 0.01038016893
48.838688, 6.918042969e-05, 0.01044654635
48.842784, 6.933886719e-05, 0.01045029333
48.986144, 7.460890625e-05, 0.01056926512
48.99024, 7.4758125e-05, 0.01057260632
49.088544, 7.858820312e-05, 0.01066285427
49.09264, 7.874878906e-05, 0.0106666555
49.149984, 8.113445312e-05, 0.01072547308
49.15408, 8.13040625e-05, 0.01072963998
49.3384, 8.925429687e-05, 0.01092891104
49.342496, 8.943230469e-05, 0.01093339294
49.42032, 9.263304687e-05, 0.01101075335
49.424416, 9.280445312e-05, 0.01101494716
49.498144, 9.573e-05, 0.01108359029
49.50224, 9.589320312e-05, 0.01108743151
49.68656, 0.0001029475, 0.0112472232
49.690656, 0.0001031051172, 0.01125081028
49.960992, 0.0001142430469, 0.01151569938
49.965088, 0.0001144140625, 0.01151980865
50.018336, 0.0001165416797, 0.01156917211
50.022432, 0.0001167050781, 0.01157295853
50.09616, 0.0001195234766, 0.01163587567
50.100256, 0.0001196822656, 0.01163946375
50.288672, 0.0001266393359, 0.0117893455
50.292768, 0.0001267913672, 0.01179263965
50.350112, 0.0001290284766, 0.01184319498
50.354208, 0.0001291886719, 0.01184682351
50.452512, 0.0001332987109, 0.01194464834
50.456608, 0.0001334711328, 0.01194877507
50.579488, 0.0001387671484, 0.01207721631
50.583584, 0.0001389453516, 0.01208157081
50.698272, 0.0001436966016, 0.01219320698
50.702368, 0.0001438660156, 0.01219718616
50.759712, 0.0001461205469, 0.01224794178
50.763808, 0.0001462829297, 0.01225162437
50.849824, 0.0001495125391, 0.01232133718
50.85392, 0.0001496641406, 0.01232456828
50.948128, 0.0001533135547, 0.01240547536
50.952224, 0.0001534725781, 0.01240901072
51.20208, 0.0001638527344, 0.01265151313
51.206176, 0.0001640251562, 0.01265559146
51.259424, 0.0001661675, 0.01270443399
51.26352, 0.0001663321094, 0.01270818519
51.337248, 0.0001691714062, 0.01277048238
51.341344, 0.0001693302344, 0.01277399149
51.4888, 0.0001747490625, 0.01288764762
51.492896, 0.0001748982812, 0.01289075619
51.566624, 0.0001777309766, 0.01295276039
51.57072, 0.000177889375, 0.01295625099
51.65264, 0.0001812559766, 0.0130342326
51.656736, 0.0001814259766, 0.01303820524
51.8984, 0.0001917474609, 0.01328369592
51.902496, 0.0001919194531, 0.01328774671
51.976224, 0.0001948723437, 0.01335462612
51.98032, 0.0001950373437, 0.01335838536
52.189216, 0.0002030790625, 0.01353415751
52.193312, 0.0002032372656, 0.01353763749
52.475936, 0.000214834375, 0.01380551601
52.480032, 0.0002150030078, 0.01380944034
52.598816, 0.0002195898047, 0.01391043489
52.602912, 0.0002197484375, 0.01391394546
52.729888, 0.000224423125, 0.01401252727
52.733984, 0.0002245701172, 0.0140155558
52.828192, 0.0002281689844, 0.01409437671
52.832288, 0.0002283259766, 0.01409783234
52.889632, 0.0002306723828, 0.01415246274
52.893728, 0.0002308387891, 0.01415631883
53.057568, 0.000237885625, 0.01432688153
53.061664, 0.0002380646094, 0.01433127854
53.176352, 0.0002428414062, 0.01444441398
53.180448, 0.0002430124219, 0.01444848258
53.237792, 0.0002452963281, 0.01450075698
53.241888, 0.0002454613672, 0.01450457639
53.368864, 0.0002502557031, 0.01460936883
53.37296, 0.0002504069141, 0.01461261343
53.450784, 0.0002534363672, 0.01468092369
53.45488, 0.0002535951562, 0.0146844977
53.696544, 0.0002636230859, 0.01492349846
53.70064, 0.0002637955078, 0.01492767757
53.76208, 0.0002662750781, 0.01498581458
53.766176, 0.0002664403125, 0.01498969331
53.876768, 0.0002706451172, 0.01508352071
53.880864, 0.0002708010937, 0.01508701665
53.991456, 0.0002748731641, 0.01517553521
53.995552, 0.0002750231641, 0.01517878871
54.06928, 0.0002778729687, 0.01524383739
54.073376, 0.0002780311719, 0.01524745331
54.167584, 0.0002819154687, 0.01534125712
54.17168, 0.0002820872656, 0.01534547176
54.33552, 0.0002891483594, 0.01552236162
54.339616, 0.0002893257422, 0.01552684021
54.43792, 0.0002933723047, 0.01562528845
54.442016, 0.0002935414844, 0.01562942688
54.687776, 0.0003030528516, 0.01585068271
54.691872, 0.0003032114844, 0.01585440163
54.749216, 0.0003055187109, 0.01591028237
54.753312, 0.000305683125, 0.01591426377
54.954016, 0.0003139869531, 0.01612067091
54.958112, 0.0003141579687, 0.01612497657
55.019552, 0.0003165966406, 0.0161840606
55.023648, 0.0003167604687, 0.01618806217
55.117856, 0.0003203308203, 0.01627155082
55.121952, 0.0003204874219, 0.01627525229
55.265312, 0.0003257615625, 0.01639605252
55.269408, 0.0003259111719, 0.01639947318
55.347232, 0.0003289306641, 0.01647239575
55.351328, 0.0003290906641, 0.01647629151
55.408672, 0.0003314563672, 0.01653646844
55.412768, 0.0003316253516, 0.01654077507
55.601184, 0.0003397303906, 0.01675421944
55.60528, 0.0003399083984, 0.01675896849
55.699488, 0.000343773125, 0.01685812152
55.703584, 0.0003439425391, 0.01686250822
55.756832, 0.0003460403125, 0.01691490915
55.760928, 0.0003462025391, 0.01691898601
55.949344, 0.0003533697656, 0.01709407064
55.95344, 0.0003535283594, 0.01709802713
56.027168, 0.0003565432031, 0.01717659596
56.031264, 0.0003567095703, 0.01718092131
56.1992, 0.0003637398437, 0.01736835986
56.203296, 0.0003639126562, 0.01737301896
56.215584, 0.0003644076562, 0.01738593617
56.21968, 0.0003645788672, 0.01739052659
56.256544, 0.0003660476953, 0.01742860014
56.26064, 0.0003662132812, 0.01743294482
56.34256, 0.0003693774219, 0.01751329539
56.346656, 0.0003695366016, 0.01751736935
56.490016, 0.0003747976562, 0.01764634975
56.494112, 0.0003749468359, 0.01765000297
56.584224, 0.0003784226562, 0.01773947137
56.58832, 0.0003785828906, 0.01774365483
56.645664, 0.0003809623828, 0.01780857848
56.64976, 0.0003811319922, 0.01781320938
56.776736, 0.0003866071094, 0.01796721933
56.780832, 0.0003867867188, 0.01797234956
56.899616, 0.0003918016016, 0.01811254264
56.903712, 0.0003919736328, 0.01811735693
56.993824, 0.0003955775781, 0.01821510831
56.99792, 0.0003957409766, 0.01821954729
57.108512, 0.0003999101172, 0.01832847137
57.112608, 0.0004000623437, 0.0183324206
57.190432, 0.0004030848047, 0.01841373687
57.194528, 0.0004032430078, 0.01841798855
57.501728, 0.0004158625391, 0.01877527458
57.505824, 0.0004160291406, 0.01878001466
57.616416, 0.0004202503906, 0.01889528642
57.620512, 0.0004204075781, 0.01889961463
57.788448, 0.0004266020703, 0.01906614059
57.792544, 0.0004267538672, 0.01907026286
57.849888, 0.0004290042969, 0.01913409769
57.853984, 0.0004291644922, 0.01913864144
57.907232, 0.0004313691406, 0.01920367988
57.911328, 0.000431538125, 0.01920866447
58.095648, 0.0004394688672, 0.01944994741
58.099744, 0.000439646875, 0.01945543324
58.181664, 0.0004430405078, 0.01955735052
58.18576, 0.0004432112891, 0.01956251653
58.259488, 0.0004461376953, 0.01964854553
58.263584, 0.0004462998828, 0.01965332011
58.447904, 0.0004533178125, 0.01985583447
58.452, 0.0004534767969, 0.01986051624
58.69776, 0.0004636670312, 0.02017586404
58.701856, 0.0004638394141, 0.02018129685
58.714144, 0.0004643325391, 0.02019641339
58.71824, 0.0004645033203, 0.02020177301
58.7592, 0.0004661338672, 0.02025161465
58.763296, 0.0004662990625, 0.02025671378
58.857504, 0.0004699117578, 0.02036509689
58.8616, 0.0004700691406, 0.02036984274
59.009056, 0.00047549625, 0.02052971338
59.013152, 0.0004756474609, 0.02053420422
59.090976, 0.000478689375, 0.02062825824
59.095072, 0.0004788497656, 0.02063323885
59.1688, 0.000481925, 0.02073260982
59.172896, 0.0004820969922, 0.02073820499
59.336736, 0.0004891819922, 0.02097363617
59.340832, 0.0004893595703, 0.0209795838
59.459616, 0.0004942217187, 0.02113811983
59.463712, 0.0004943891016, 0.02114359915
59.500576, 0.0004958172266, 0.02118897795
59.504672, 0.0004959804297, 0.02119425945
59.709472, 0.0005038424219, 0.02144503575
59.713568, 0.0005040030078, 0.02145026496
59.914272, 0.0005122316797, 0.02172704886
59.918368, 0.0005124004687, 0.02173278763
59.979808, 0.0005148309375, 0.02181379093
59.983904, 0.0005149923047, 0.02181917037
60.037152, 0.0005169577734, 0.02188234506
60.041248, 0.0005171069531, 0.02188711049
60.119072, 0.0005197613281, 0.02196853334
60.123168, 0.0005198989062, 0.02197272118
60.176416, 0.0005215689844, 0.02202108871
60.180512, 0.0005216967969, 0.02202478351
60.262432, 0.0005240351563, 0.02208754261
60.266528, 0.0005241505469, 0.02209061136
60.47952, 0.0005298061719, 0.02223406826
60.483616, 0.0005299149609, 0.02223685452
60.58192, 0.0005323599609, 0.02229534613
60.586016, 0.0005324611328, 0.02229775695
60.680224, 0.0005346586719, 0.02234672394
60.68432, 0.0005347530859, 0.02234880235
60.758048, 0.0005363032812, 0.02237849962
60.762144, 0.0005363860937, 0.02237997938
60.835872, 0.0005377556641, 0.02240039302
60.839968, 0.0005378286328, 0.02240136595
60.938272, 0.0005394343359, 0.02241736415
60.942368, 0.0005394977344, 0.022417849
61.020192, 0.0005406045312, 0.02242209435
61.024288, 0.0005406607422, 0.02242221253
61.118496, 0.0005418461328, 0.02241956743
61.122592, 0.0005418955078, 0.02241933845
61.241376, 0.0005431892578, 0.02240598353
61.245472, 0.0005432320703, 0.02240542907
61.376544, 0.0005444580859, 0.02238078089
61.38064, 0.0005444938672, 0.02237987703
61.577248, 0.0005460692969, 0.02233069627
61.581344, 0.0005461008984, 0.02232961002
61.777952, 0.0005474721094, 0.02227144479
61.782048, 0.0005474998828, 0.0222701939
61.917216, 0.0005483328125, 0.02222525988
61.921312, 0.0005483574219, 0.02222386645
62.09744, 0.0005492818359, 0.02215815907
62.101536, 0.0005493020312, 0.02215656289
62.257184, 0.0005499663672, 0.02209145158
62.26128, 0.0005499833594, 0.02208971372
62.453792, 0.0005506739453, 0.02200390104
62.457888, 0.000550688125, 0.02200204971
62.79376, 0.0005516107422, 0.02184239996
62.797856, 0.0005516205469, 0.02184037702
63.195168, 0.0005523410156, 0.02163880396
63.199264, 0.0005523474219, 0.02163667284
63.703072, 0.0005529489844, 0.02137571391
63.707168, 0.0005529525781, 0.02137352377
64.276512, 0.0005533673828, 0.02107850847
64.280608, 0.0005533697656, 0.02107635564
64.641056, 0.0005534414063, 0.02088479193
64.645152, 0.0005534414063, 0.02088257154
65.452064, 0.0005537839453, 0.02049020211
65.45616, 0.0005537851562, 0.02048818398
66.263072, 0.0005538628906, 0.0201061758
66.267168, 0.0005538632813, 0.02010423898
66.791456, 0.0005538316406, 0.019861716
66.795552, 0.00055383125, 0.01985981486
67.188768, 0.0005538431641, 0.01968550945
67.192864, 0.0005538432031, 0.01968369033
67.246112, 0.0005538088672, 0.01965817475
67.250208, 0.0005538026953, 0.01965601424
67.287072, 0.0005536722656, 0.01963238579
67.291168, 0.0005536528516, 0.01962948283
67.352608, 0.000553095, 0.0195710596
67.356704, 0.0005530495703, 0.0195666988
67.368992, 0.0005528875, 0.01955217449
67.373088, 0.0005528334766, 0.01954733354
67.389472, 0.0005525853516, 0.01952617664
67.393568, 0.0005525233203, 0.01952088852
67.430432, 0.0005518599219, 0.01946744708
67.434528, 0.0005517813281, 0.01946123521
67.491872, 0.0005504042969, 0.01935890491
67.495968, 0.0005502962891, 0.01935105488
67.549216, 0.0005486164062, 0.01923372829
67.553312, 0.0005484785937, 0.01922422464
67.590176, 0.0005471125, 0.01913176248
67.594272, 0.000546956875, 0.01912127857
67.631136, 0.0005454596875, 0.01902166066
67.635232, 0.0005452907031, 0.01901045073
67.778592, 0.0005391240234, 0.01860657594
67.782688, 0.0005389470312, 0.0185950136
67.856416, 0.0005359034375, 0.01839551639
67.860512, 0.0005357346484, 0.01838446113
67.938336, 0.0005327723828, 0.01818874334
67.942432, 0.0005326145703, 0.01817834632
68.110368, 0.0005264625391, 0.01777279037
68.114464, 0.0005263113281, 0.01776285179
68.188192, 0.0005233983984, 0.0175739973
68.192288, 0.0005232374219, 0.01756356261
68.266016, 0.0005201885937, 0.01736803483
68.270112, 0.0005200188281, 0.01735716192
68.474912, 0.0005112540234, 0.01680344815
68.479008, 0.0005110802344, 0.01679248527
68.581408, 0.0005069833203, 0.01653319711
68.585504, 0.0005068177344, 0.01652274572
68.728864, 0.0005012810937, 0.01617333067
68.73296, 0.0005011247266, 0.01616346377
68.786208, 0.0004989809375, 0.01602946987
68.790304, 0.000498819375, 0.01601935214
68.95824, 0.0004918010156, 0.01558642682
68.962336, 0.0004916272266, 0.01557574879
69.097504, 0.0004860947266, 0.0152364139
69.1016, 0.0004859275391, 0.01522617413
69.195808, 0.0004823295703, 0.01500489736
69.199904, 0.0004821735547, 0.01499531004
69.330976, 0.0004774394922, 0.01470408886
69.335072, 0.0004772925, 0.01469505206
69.4088, 0.0004744920312, 0.01452467396
69.412896, 0.0004743354297, 0.01451516275
69.486624, 0.0004713628906, 0.01433635344
69.49072, 0.0004711960937, 0.01432634114
69.740576, 0.0004606252734, 0.01370163958
69.744672, 0.0004604536719, 0.01369151935
69.8184, 0.0004575046484, 0.01351734271
69.822496, 0.0004573400391, 0.01350763474
69.969952, 0.0004517049609, 0.01317571355
69.974048, 0.0004515503516, 0.01316661081
70.027296, 0.0004494385938, 0.01304320684
70.031392, 0.0004492782031, 0.01303382906
70.215712, 0.0004415926562, 0.0125909979
70.219808, 0.0004414184375, 0.01258100008
70.256672, 0.0004399000781, 0.01249376331
70.260768, 0.000439726875, 0.01248384134
70.338592, 0.0004365539453, 0.01230213309
70.342688, 0.0004363861328, 0.01229253687
70.436896, 0.0004327873047, 0.01208629298
70.440992, 0.0004326312891, 0.01207735965
70.584352, 0.0004274292578, 0.01178002984
70.588448, 0.0004272796875, 0.01177149953
70.670368, 0.0004241041406, 0.01159200908
70.674464, 0.0004239455469, 0.01158305315
70.748192, 0.0004209209375, 0.0114136382
70.752288, 0.0004207515625, 0.01140416635
70.981664, 0.0004109841016, 0.01086488677
70.98576, 0.0004108112891, 0.01085536561
71.059488, 0.0004078366406, 0.01069151447
71.063584, 0.0004076692578, 0.01068231164
71.206944, 0.0004021319922, 0.01037861998
71.21104, 0.0004019769922, 0.01037012154
71.288864, 0.00039886875, 0.01020090832
71.29296, 0.0003987063672, 0.01019207267
71.575584, 0.0003869858984, 0.009564279879
71.57968, 0.0003868171094, 0.009555264441
71.677984, 0.0003830360937, 0.009353443517
71.68208, 0.0003828784766, 0.009345040184
71.850016, 0.0003767409766, 0.009019329065
71.854112, 0.0003765915625, 0.009011412302
71.931936, 0.0003735641016, 0.008852077953
71.936032, 0.0003734050781, 0.008843715668
72.00976, 0.0003703804687, 0.008685591398
72.013856, 0.0003702116406, 0.008676775187
72.218656, 0.0003615283594, 0.00822808307
72.222752, 0.0003613549609, 0.008219143251
72.341536, 0.0003566188672, 0.007975790547
72.345632, 0.0003564556641, 0.0079674163
72.468512, 0.0003517560937, 0.007727275871
72.472608, 0.0003516008984, 0.00771935446
72.525856, 0.0003494717578, 0.007611095898
72.529952, 0.0003493109766, 0.007602922624
72.718368, 0.0003414269141, 0.007206193376
72.722464, 0.0003412528906, 0.007197456526
72.837152, 0.0003365672656, 0.006963284356
72.841248, 0.0003363996484, 0.00695491887
72.919072, 0.0003334478906, 0.006807949364
72.923168, 0.0003332903125, 0.006800111567
73.091104, 0.0003272063281, 0.006499521776
73.0952, 0.0003270567578, 0.006492143745
73.164832, 0.0003243452344, 0.006358861596
73.168928, 0.0003241858203, 0.006351031981
73.246752, 0.0003209857422, 0.006194443753
73.250848, 0.0003208171484, 0.006186201544
73.459744, 0.0003118397266, 0.005751473497
73.46384, 0.0003116641406, 0.005742989198
73.558048, 0.0003078715234, 0.005560599163
73.562144, 0.0003077053125, 0.005552613483
73.68912, 0.0003028315234, 0.005319916544
73.693216, 0.00030267875, 0.005312635714
73.79152, 0.0002988053125, 0.005128655172
73.795616, 0.0002986433203, 0.005120968246
74.07824, 0.0002868963672, 0.004570001876
74.082336, 0.0002867271484, 0.004562086781
74.20112, 0.0002821678906, 0.004350439628
74.205216, 0.0002820120703, 0.004343217161
74.328096, 0.0002775433984, 0.00413753607
74.332192, 0.0002773964062, 0.004130782158
74.450976, 0.0002727845703, 0.003919251642
74.455072, 0.0002726237891, 0.003911881988
74.50832, 0.0002704295703, 0.003811319961
74.512416, 0.0002702609766, 0.003803598243
74.647584, 0.0002644863672, 0.003540277326
74.65168, 0.0002643141797, 0.003532441619
74.737696, 0.0002606941797, 0.003368332026
74.741792, 0.0002605225781, 0.003360561274
74.819616, 0.0002574511328, 0.003222410177
74.823712, 0.0002572865234, 0.003215003624
75.008032, 0.0002501953906, 0.002899331705
75.012128, 0.0002500373828, 0.002892306343
75.106336, 0.0002461811328, 0.00272087185
75.110432, 0.0002460133203, 0.002713417632
75.274272, 0.0002391271484, 0.002409186508
75.278368, 0.0002389547656, 0.002401579721
75.339808, 0.0002364718359, 0.002292649251
75.343904, 0.0002363038281, 0.002285273969
75.438112, 0.0002327367969, 0.002130355554
75.442208, 0.0002325807812, 0.002123581358
75.569184, 0.0002279933594, 0.001926432458
75.57328, 0.0002278461719, 0.001920116857
75.687968, 0.0002234115625, 0.00172938213
75.692064, 0.0002232497656, 0.001722415212
75.745312, 0.0002210410156, 0.001627080556
75.749408, 0.0002208724219, 0.001619812614
75.978784, 0.0002110885937, 0.001200820875
75.98288, 0.0002109164062, 0.001193468945
76.060704, 0.0002077901562, 0.001061070359
76.0648, 0.0002076241797, 0.001054038655
76.18768, 0.0002029053906, 0.0008563741085
76.191776, 0.0002027527734, 0.000850011289
76.285984, 0.0001990257422, 0.0006940729453
76.29008, 0.00019886375, 0.0006873001757
76.519456, 0.0001892987891, 0.0002887174367
76.523552, 0.0001891329687, 0.000281842483
76.5768, 0.0001869493359, 0.0001913611374
76.580896, 0.0001867801562, 0.0001843472841
76.65872, 0.0001837658203, 6.086773016e-05
76.662816, 0.0001836074219, 5.438394632e-05
76.847136, 0.0001768677734, -0.0002171381097
76.851232, 0.0001767185937, -0.0002231390243
76.929056, 0.0001736954297, -0.0003455985667
76.933152, 0.00017353625, -0.0003520437492
77.00688, 0.0001704966797, -0.0004758380031
77.010976, 0.0001703273047, -0.0004827361091
77.137952, 0.0001648608984, -0.0007054943024
77.142048, 0.0001646815234, -0.0007128177513
77.236256, 0.0001607296094, -0.0008725106944
77.240352, 0.0001605588281, -0.0008794013959
77.318176, 0.0001574558203, -0.001003310157
77.322272, 0.0001572916016, -0.001009871023
77.445152, 0.0001526219531, -0.001193786063
77.449248, 0.0001524701562, -0.0011997322
77.527072, 0.0001494128125, -0.001320438686
77.531168, 0.0001492520312, -0.00132678299
77.760544, 0.0001396782812, -0.001705175865
77.76464, 0.0001395046875, -0.001712051271
77.854752, 0.0001358730078, -0.00185405186
77.858848, 0.0001357080469, -0.00186049848
77.936672, 0.0001327725391, -0.001973369942
77.940768, 0.0001326165234, -0.001979379293
78.088224, 0.0001272398437, -0.002183357835
78.09232, 0.0001270906641, -0.00218901364
78.166048, 0.0001242241797, -0.002298958234
78.170144, 0.0001240653516, -0.002305044905
78.247968, 0.0001208646875, -0.00242885145
78.252064, 0.0001206960937, -0.002435372187
78.477344, 0.0001111210156, -0.002804879406
78.48144, 0.0001109486328, -0.002811516053
78.559264, 0.0001078349609, -0.002929716126
78.56336, 0.0001076683594, -0.002936062946
78.76816, 9.975128906e-05, -0.003231841861
78.772256, 9.959148437e-05, -0.003237824762
78.866464, 9.572105469e-05, -0.003384012872
78.87056, 9.555304687e-05, -0.003390354878
79.038496, 8.851691406e-05, -0.003655627005
79.042592, 8.834414062e-05, -0.003662151242
79.099936, 8.602382812e-05, -0.003748701411
79.104032, 8.585664062e-05, -0.00375495073
79.17776, 8.3025625e-05, -0.003858820226
79.181856, 8.286804687e-05, -0.003864604138
79.325216, 7.764300781e-05, -0.00405250425
79.329312, 7.749601562e-05, -0.004057765479
79.427616, 7.374828125e-05, -0.004193844452
79.431712, 7.359046875e-05, -0.004199591426
79.530016, 6.956429687e-05, -0.00434817699
79.534112, 6.939449219e-05, -0.00435446357
79.734816, 6.084726562e-05, -0.004670878397
79.738912, 6.067566406e-05, -0.004677205597
79.820832, 5.740335937e-05, -0.004795915201
79.824928, 5.723859375e-05, -0.004801904816
79.968288, 5.177878906e-05, -0.004996179143
79.972384, 5.1625e-05, -0.005001627673
80.029728, 4.934601562e-05, -0.00508366182
80.033824, 4.9185625e-05, -0.005089409077
80.336928, 3.660425781e-05, -0.005543480345
80.341024, 3.643585937e-05, -0.005549546881
80.414752, 3.357863281e-05, -0.005650299951
80.418848, 3.342105469e-05, -0.005655843539
80.59088, 2.716394531e-05, -0.005870448336
80.594976, 2.701476562e-05, -0.005875570347
80.689184, 2.333800781e-05, -0.006004583559
80.69328, 2.317742187e-05, -0.006010228452
80.767008, 2.011238281e-05, -0.006119833429
80.771104, 1.994238281e-05, -0.006125910747
80.934944, 1.293515625e-05, -0.006377486181
80.93904, 1.275855469e-05, -0.006383848441
81.02096, 9.357890625e-06, -0.006504552202
81.025056, 9.188085937e-06, -0.006510578449
81.254432, 2.78359375e-07, -0.006817444765
